alert('5._Return Largest Numbers in Arrays');

// Скрипты базового алгоритма: возвращать самые большие числа в массивах

// Возвращает массив, состоящий из наибольшего числа из каждого предоставленного подмассива. 
// Для простоты предоставленный массив будет содержать ровно 4 подмассива.

// Помните, что вы можете перебирать массив с помощью простого цикла for и обращаться к каждому члену с помощью синтаксиса массива arr[i].




//______________________________________Imperative______________________________________________________

// function largestOfFour(arr) {
//     var newArr = [];
    
//     for(var i = 0; i < arr.length; i += 1) {

//         var accum = arr[i][0];
//         for(var j = 0; j < arr[i].length; j += 1) {
            
//             if(accum < arr[i][j]) {
//                 accum = arr[i][j]
//             }
            
//         }

//         newArr.push(accum);
//     }
//     return newArr;
    
// }


// // largestOfFour([[4, 5, 1, 3], [13, 27, 18, 26], [32, 35, 37, 39], [1000, 1001, 857, 1]]);
// largestOfFour([[17, 23, 25, 12], [25, 7, 34, 48], [4, -10, 18, 21], [-72, -3, -17, -10]]);
// // console.log(largestOfFour([[4, 5, 1, 3], [13, 27, 18, 26], [32, 35, 37, 39], [1000, 1001, 857, 1]])); //  должен вернуть массив.
// // console.log(largestOfFour([[13, 27, 18, 26], [4, 5, 1, 3], [32, 35, 37, 39], [1000, 1001, 857, 1]])); // должен вернуться [27, 5, 39, 1001].
// // console.log(largestOfFour([[4, 9, 1, 3], [13, 35, 18, 26], [32, 35, 97, 39], [1000000, 1001, 857, 1]])); // должен вернуться [9, 35, 97, 1000000].
// console.log(largestOfFour([[17, 23, 25, 12], [25, 7, 34, 48], [4, -10, 18, 21], [-72, -3, -17, -10]])); // должен вернуться [25, 48, 21, -3].

//______________________________________Imperative______________________________________________________




//______________________________________________________________________________________________________

// function largestOfFour(arr) {
//     var newArr = [];

//     for(var i = 0; i < arr.length; i += 1) {
//         var x = Math.max.apply(null, arr[i]);
//         newArr.push(x);
//     }
     
//     return newArr;
// }


// // largestOfFour([17, 23, 25, 12]);
// // console.log(largestOfFour([17, 23, 25, 12])); // должен вернуться [25, 48, 21, -3].

// // largestOfFour([[4, 5, 1, 3], [13, 27, 18, 26], [32, 35, 37, 39], [1000, 1001, 857, 1]]);
// // largestOfFour([[17, 23, 25, 12], [25, 7, 34, 48], [4, -10, 18, 21], [-72, -3, -17, -10]]);
// // console.log(largestOfFour([[4, 5, 1, 3], [13, 27, 18, 26], [32, 35, 37, 39], [1000, 1001, 857, 1]])); //  должен вернуть массив.
// // console.log(largestOfFour([[13, 27, 18, 26], [4, 5, 1, 3], [32, 35, 37, 39], [1000, 1001, 857, 1]])); // должен вернуться [27, 5, 39, 1001].
// // console.log(largestOfFour([[4, 9, 1, 3], [13, 35, 18, 26], [32, 35, 97, 39], [1000000, 1001, 857, 1]])); // должен вернуться [9, 35, 97, 1000000].
// console.log(largestOfFour([[17, 23, 25, 12], [25, 7, 34, 48], [4, -10, 18, 21], [-72, -3, -17, -10]])); // должен вернуться [25, 48, 21, -3].

//______________________________________________________________________________________________________



//______________________________________________________________________________________________________

function largestOfFour(arr) {



    var result = arr.reduce(function(accum, elem) {
        num = Math.max.apply(null, elem);
        accum.push(num);

        return accum;
    }, []);

   return result;
}


// largestOfFour([17, 23, 25, 12]);
// console.log(largestOfFour([17, 23, 25, 12])); // должен вернуться [25, 48, 21, -3].

// largestOfFour([[4, 5, 1, 3], [13, 27, 18, 26], [32, 35, 37, 39], [1000, 1001, 857, 1]]);
largestOfFour([[17, 23, 25, 12], [25, 7, 34, 48], [4, -10, 18, 21], [-72, -3, -17, -10]]);
// console.log(largestOfFour([[4, 5, 1, 3], [13, 27, 18, 26], [32, 35, 37, 39], [1000, 1001, 857, 1]])); //  должен вернуть массив.
// console.log(largestOfFour([[13, 27, 18, 26], [4, 5, 1, 3], [32, 35, 37, 39], [1000, 1001, 857, 1]])); // должен вернуться [27, 5, 39, 1001].
console.log(largestOfFour([[4, 9, 1, 3], [13, 35, 18, 26], [32, 35, 97, 39], [1000000, 1001, 857, 1]])); // должен вернуться [9, 35, 97, 1000000].
console.log(largestOfFour([[17, 23, 25, 12], [25, 7, 34, 48], [4, -10, 18, 21], [-72, -3, -17, -10]])); // должен вернуться [25, 48, 21, -3].

//______________________________________________________________________________________________________

